camera_matrix:
  cols: 3
  data: [864.1375635773926, 0.0, 638.9840670961692, 0.0, 864.1743004474523, 409.05810384076415,
    0.0, 0.0, 1.0]
  rows: 3
camera_name: rectified_right
distortion_coefficients:
  cols: 14
  data: [0.071505919439475, -0.1736682565639465, -0.00047531252592129976, -1.900088487694523e-05,
    0.0037047257203420853, 0.0, 0.0, 0.0, 0.0, 0.0, 0.0, 0.0, 0.0, 0.0]
  rows: 1
distortion_model: plumb_bob
image_height: 720
image_width: 1280
projection_matrix:
  cols: 3
  data: [863.0180998256383, 0.0, 632.7155914306641, -7809.417665769828, 0.0, 863.0180998256383,
    410.0151710510254, 0.0, 0.0, 0.0, 1.0, 0.0]
  rows: 4
rectification_matrix:
  cols: 3
  data: [1.0, 0.0, 0.0, 0.0, 1.0, 0.0, 0.0, 0.0, 1.0]
  rows: 3
